200
21773
79506
16915
17321
21361
85818
67245
32568
19325
2773
5331
27367
18454
63641
2921
94150
32267
693
29601
73769
20680
48061
83650
34683
7609
21412
12771
29504
31975
28730
32801
3391
31815
67520
84804
41527
2408
19002
87265
370
31845
22321
98407
29362
66850
85338
37999
22967
64773
97519
57453
93321
82394
6455
42101
95689
63038
14299
64422
45931
20892
93936
50726
92973
8649
71227
7159
57243
453
73915
88044
7589
42941
2915
74259
87261
66609
43094
73571
46530
89375
43312
68507
84827
57551
61804
82798
91096
74640
55939
42992
69447
37076
1871
97141
573
67605
69901
29463
77036
22898
78586
75172
10815
28312
37614
73901
14926
5834
21757
26902
7377
85046
67793
75219
65498
88843
48118
41665
74179
54762
62997
70379
48525
46834
94364
90936
64576
92206
77108
3275
56602
93861
17618
9910
60369
79657
78019
5706
64844
51977
6181
9038
67945
91482
61313
43125
11243
78920
26042
38697
69839
80112
23113
66577
16778
54800
98603
25331
94224
26116
96982
79430
319
8402
98302
57663
14745
28745
69013
33368
37682
60855
56164
92395
82742
48033
13094
42923
40924
86936
1006
72712
85750
55541
585
24834
34001
39631
63985
6876
89708
45333
95732
74063
97379
66748
81226
10884
48832