100
2 3 789 986
1 3 975 986
3 1 702 986
4 4 793 986
3 3 975 390
1 3 968 967
1 2 975 986
3 2 975 248
1 2 485 986
2 1 975 986
3 0 975 31
3 0 975 986
2 1 975 986
2 4 975 986
0 4 975 986
0 3 531 986
3 0 975 986
2 4 957 647
3 4 975 986
1 2 975 986
1 4 975 986
3 2 624 986
3 3 244 986
1 4 975 986
0 3 975 986
3 4 449 986
3 1 232 986
3 2 975 73
2 0 908 986
3 0 975 986
3 2 975 986
3 0 809 986
0 0 975 986
4 2 975 986
2 2 184 986
0 0 975 642
3 4 844 986
4 4 975 986
4 2 257 986
4 2 607 986
3 3 975 986
1 4 975 986
4 3 105 281
0 4 86 986
2 0 975 986
3 3 975 986
3 4 656 986
0 0 975 440
0 2 975 986
4 4 779 986
4 3 975 259
4 3 975 986
2 4 728 557
0 3 246 986
3 2 975 986
2 2 975 657
1 2 975 986
1 0 868 986
0 2 975 548
2 3 975 986
0 0 975 986
0 2 975 735
0 4 975 986
4 1 975 986
0 1 887 79
4 2 567 986
2 2 975 986
2 0 570 986
1 1 975 986
4 3 975 986
4 0 975 830
2 3 975 986
2 4 975 986
4 3 975 986
2 0 975 986
0 3 975 986
4 4 975 986
3 2 975 986
0 2 975 69
1 0 762 841
2 1 975 986
1 3 975 986
4 0 975 986
2 4 975 986
3 2 975 986
4 0 975 986
3 2 459 986
3 0 975 986
2 3 975 986
3 3 928 529
4 4 975 986
0 3 975 986
0 1 975 986
1 1 910 812
4 0 975 986
2 4 975 340
4 3 975 986
4 1 975 986
1 0 14 986
2 0 975 793